2.174296878089999885e-02 2.814036584186630918e+01
2.415883892060000093e-02 2.692895207201139840e+01
2.657470423509999957e-02 2.652201515044234981e+01
2.899056424170000021e-02 2.585327414596773821e+01
3.140641845790000108e-02 2.553306162531657719e+01
3.382226640140000018e-02 2.538536234977201644e+01
3.623810758939999960e-02 2.528633136155597683e+01
3.865394153969999719e-02 2.506087528622852290e+01
4.106976776969999826e-02 2.533855582099226922e+01
4.348558579689999759e-02 2.520374413914070644e+01
4.590139513899999663e-02 2.548574966549448462e+01
4.831719531329999734e-02 2.558264406795981216e+01
5.073298583759999758e-02 2.557432924992880885e+01
5.314876622930000266e-02 2.573009856099230674e+01
5.556453600610000015e-02 2.589357850684177365e+01
5.798029468560000205e-02 2.597433195962498331e+01
6.039604178530000311e-02 2.610324279002026415e+01
6.281177682289999786e-02 2.615309346375683219e+01
6.522749931610000163e-02 2.612804504447372622e+01
6.764320878250000557e-02 2.639035942011116020e+01
7.005890473970000087e-02 2.644570462990705195e+01
7.247458670539999592e-02 2.653062061279003458e+01
7.489025419740000244e-02 2.651201898320421790e+01
7.730590673340000107e-02 2.677614817841587680e+01
7.972154383099999686e-02 2.660181063904703436e+01
8.213716500810000487e-02 2.673660688764074322e+01
8.455276978230000240e-02 2.682873025757873364e+01
8.696835767159999397e-02 2.687634091739121089e+01
8.938392819370000186e-02 2.694219987802741301e+01
9.179948086639999616e-02 2.690769104850517124e+01
9.421501520750000247e-02 2.692555061010822826e+01
9.663053073499999757e-02 2.675757465333093066e+01
9.904602696679999652e-02 2.692801667009821287e+01
1.014615034209999933e-01 2.698009449748166588e+01
1.038769596150000002e-01 2.702418750698505079e+01
1.062923950670000006e-01 2.689594327013218944e+01
1.087078092949999991e-01 2.688060128576232088e+01
1.111232018170000002e-01 2.689756480310852638e+01
1.135385721509999946e-01 2.685049728613717335e+01
1.159539198150000006e-01 2.674904891833036302e+01
1.183692443269999950e-01 2.666704726042171458e+01
1.207845452060000019e-01 2.663959609280757590e+01
1.231998219690000063e-01 2.653542963656774134e+01
1.256150741350000044e-01 2.643023758661732003e+01
1.280303012210000091e-01 2.639416655350778029e+01
1.304455027470000084e-01 2.623722296502289808e+01
1.328606782300000011e-01 2.629615010709729717e+01
1.352758271879999918e-01 2.604783772387242635e+01
1.376909491399999907e-01 2.605178027126896012e+01
1.401060436050000080e-01 2.575015306555058814e+01
1.425211100999999869e-01 2.574136730986289479e+01
1.449361481429999876e-01 2.558816604927084981e+01
1.473511572550000037e-01 2.534065595840152696e+01
1.497661369520000008e-01 2.530163242097993503e+01
1.521810867539999945e-01 2.512856137675208501e+01
1.545960061780000117e-01 2.497974848355577393e+01
1.570108947440000124e-01 2.494351567152403959e+01
1.594257519700000014e-01 2.481857272338447373e+01
1.618405773749999887e-01 2.456312174363464251e+01
1.642553704770000067e-01 2.445775702633020288e+01
1.666701307959999878e-01 2.428389751631525328e+01
1.690848578489999865e-01 2.400292676086934662e+01
1.714995511559999908e-01 2.398690873991701977e+01
1.739142102350000052e-01 2.369988463684373414e+01
1.763288346059999900e-01 2.348429090436459532e+01
1.787434237870000053e-01 2.340549933674260075e+01
1.811579772980000114e-01 2.320681689546766080e+01
1.835724946560000070e-01 2.294827143090640575e+01
1.859869753820000138e-01 2.279300352951990405e+01
1.884014189949999862e-01 2.264579861210221168e+01
1.908158250120000066e-01 2.245191874921197694e+01
1.932301929549999908e-01 2.233149057009526928e+01
1.956445223409999934e-01 2.206286781222289406e+01
1.980588126900000023e-01 2.190079196261530470e+01
2.004730635220000057e-01 2.168759563230856813e+01
2.028872743550000080e-01 2.153422737249539409e+01
2.053014447100000028e-01 2.130618677298155816e+01
2.077155741049999949e-01 2.111196219154934539e+01
2.101296620599999998e-01 2.088720661112242638e+01
2.125437080940000001e-01 2.065780828628883725e+01
2.149577117279999894e-01 2.057476522646937767e+01
2.173716724810000056e-01 2.030630060289541561e+01
2.197855898709999978e-01 2.007938084840245097e+01
2.221994634199999930e-01 1.998082225233840603e+01
2.246132926470000013e-01 1.972411196391928456e+01
2.270270770710000052e-01 1.945301815477221297e+01
2.294408162140000040e-01 1.937427046375237083e+01
2.318545095929999966e-01 1.907879201775840983e+01
2.342681567300000101e-01 1.887577831760354385e+01
2.366817571450000046e-01 1.875232112323931943e+01
2.390953103569999905e-01 1.849913689731340938e+01
2.415088158869999890e-01 1.837374757887297605e+01
2.439222732540000105e-01 1.812897385234963110e+01
2.463356819799999986e-01 1.795036156638304448e+01
2.487490415849999970e-01 1.765893296000006529e+01
2.511623515879999879e-01 1.757125629403500255e+01
2.535756115100000208e-01 1.733599819023396904e+01
2.559888208730000114e-01 1.723008017759770993e+01
2.584019791950000200e-01 1.698586180276320334e+01
2.608150859980000180e-01 1.676864682268652018e+01
2.632281408029999992e-01 1.663256263579789973e+01
2.656411431299999792e-01 1.646423089159005571e+01
2.680540924989999740e-01 1.615558331421610561e+01
2.704669884329999885e-01 1.596810573905421649e+01
2.728798304510000050e-01 1.582154349927424875e+01
2.752926180749999951e-01 1.557112029962496003e+01
2.777053508260000081e-01 1.540924730640040785e+01
2.801180282240000041e-01 1.521536896714867382e+01
2.825306497910000103e-01 1.509300137127094565e+01
2.849432150480000203e-01 1.482935752626231718e+01
2.873557235159999723e-01 1.466773832461597316e+01
2.897681747170000044e-01 1.445563029074613226e+01
2.921805681719999992e-01 1.430411697718601971e+01
2.945929034020000059e-01 1.410683850615528812e+01
2.970051799299999740e-01 1.392066341750713399e+01
2.994173972759999747e-01 1.379607866283112472e+01
3.018295549619999796e-01 1.347612245410016385e+01
3.042416525100000158e-01 1.346533469824056617e+01
3.066536894419999992e-01 1.320181643000277028e+01
3.090656652800000126e-01 1.307601358785345091e+01
3.114775795449999940e-01 1.290447196036729416e+01
3.138894317600000039e-01 1.264071267770823148e+01
3.163012214470000139e-01 1.244368070084948563e+01
3.187129481279999954e-01 1.225867882596912395e+01
3.211246113239999977e-01 1.213679177295021461e+01
3.235362105590000037e-01 1.195989911769941649e+01
3.259477453549999848e-01 1.179461843841430202e+01
3.283592152340000236e-01 1.163682369807475325e+01
3.307706197179999807e-01 1.146769193265394726e+01
3.331819583310000055e-01 1.126328680701980289e+01
3.355932305950000138e-01 1.115345637415832947e+01
3.380044360330000108e-01 1.091507188972415854e+01
3.404155741670000235e-01 1.079025447248639047e+01
3.428266445200000012e-01 1.062691729944903329e+01
3.452376466159999824e-01 1.046495040676539823e+01
3.476485799769999940e-01 1.033934547513688784e+01
3.500594441270000190e-01 1.013879377827935535e+01
3.524702385879999733e-01 1.002005200993756340e+01
3.548809628849999842e-01 9.872123491704680731e+00
3.572916165389999898e-01 9.748307990932966405e+00
3.597021990759999843e-01 9.548010271157668427e+00
3.621127100179999947e-01 9.387276392845238959e+00
3.645231488899999817e-01 9.262583251533296647e+00
3.669335152129999944e-01 9.128032109804745886e+00
3.693438085140000049e-01 8.977121682984551043e+00
3.717540283140000068e-01 8.827810445285454222e+00
3.741641741389999942e-01 8.739831373432318529e+00
3.765742455120000276e-01 8.539322183207410433e+00
3.789842419580000121e-01 8.376677785791979858e+00
3.813941630000000083e-01 8.282865039217597314e+00
3.838040081629999767e-01 8.174182941222372989e+00
3.862137769710000113e-01 8.021158449811034430e+00
3.886234689490000171e-01 7.836744964322196694e+00
3.910330836209999772e-01 7.722643259168754604e+00
3.934426205120000186e-01 7.585805642201063570e+00
3.958520791469999911e-01 7.508065776286795057e+00
3.982614590499999885e-01 7.347633701304453702e+00
4.006707597460000270e-01 7.240019481992350237e+00
4.030799807600000118e-01 7.136744884711539783e+00
4.054891216179999924e-01 7.006975335347579659e+00
4.078981818449999852e-01 6.935521278013434099e+00
4.103071609649999729e-01 6.823473459149999698e+00
4.127160585040000051e-01 6.676762601864785651e+00
4.151248739880000205e-01 6.593387601122100428e+00
4.175336069419999796e-01 6.468064581762435594e+00
4.199422568919999876e-01 6.391844330664841145e+00
4.223508233630000053e-01 6.223888349836840916e+00
4.247593058810000266e-01 6.136651331211641747e+00
4.271677039730000236e-01 6.044560048135640073e+00
4.295760171640000125e-01 5.970528168407311043e+00
4.319842449799999873e-01 5.881718642049106549e+00
4.343923869479999755e-01 5.772450820948473726e+00
4.368004425940000268e-01 5.646373047930103084e+00
4.392084114440000242e-01 5.579341678720633801e+00
4.416162930249999952e-01 5.464853075545138772e+00
4.440240868629999893e-01 5.388608904884097939e+00
4.464317924849999786e-01 5.312417163153269506e+00
4.488394094179999905e-01 5.166360346002601744e+00
4.512469371889999969e-01 5.078302072152184543e+00
4.536543753239999921e-01 5.013955807799896469e+00
4.560617233520000147e-01 4.985526728092174231e+00
4.584689807980000253e-01 4.847652589545499602e+00
4.608761471910000074e-01 4.805496698546845913e+00
4.632832220579999882e-01 4.729564278399769783e+00
4.656902049259999954e-01 4.621682343972136842e+00
4.680970953229999787e-01 4.591540099054597590e+00
4.705038927760000211e-01 4.466790755615651420e+00
4.729105968139999949e-01 4.437102324981858636e+00
4.753172069650000164e-01 4.326209837648408829e+00
4.777237227560000021e-01 4.296962286034816003e+00
4.801301437159999908e-01 4.250813336231004769e+00
4.825364693720000098e-01 4.147871719687071135e+00
4.849426992540000203e-01 4.094773618408122928e+00
4.873488328900000277e-01 4.011833409946353513e+00
4.897548698079999818e-01 3.987862615641120101e+00
4.921608095369999769e-01 3.888790499133157663e+00
4.945666516050000183e-01 3.840497624469688009e+00
4.969723955429999895e-01 3.765190929207497206e+00
4.993780408779999735e-01 3.730834491655088403e+00
5.017835871400000425e-01 3.682535862659125137e+00
5.041890338579999575e-01 3.584997392323306720e+00
5.065943805620000129e-01 3.574901295089511155e+00
5.089996267809999697e-01 3.504101754117176171e+00
5.114047720440000333e-01 3.466067596840716192e+00
5.138098158820000316e-01 3.385568721705740636e+00
5.162147578239999479e-01 3.388118379540344449e+00
5.186195973999999653e-01 3.309202638177393574e+00
5.210243341389999561e-01 3.265437080038046336e+00
5.234289675740000369e-01 3.266944602017762378e+00
5.258334972320000134e-01 3.167599806506088189e+00
5.282379226460000021e-01 3.150958288189031009e+00
5.306422433449999865e-01 3.139772873122416819e+00
5.330464588600000164e-01 3.077687251888589604e+00
5.354505687220000310e-01 3.048635291590197305e+00
5.378545724619999691e-01 2.989769247971898913e+00
5.402584696109999918e-01 2.947530855508199821e+00
5.426622596989999492e-01 2.925445696668823370e+00
5.450659422579999802e-01 2.879287052619600384e+00
5.474695168200000017e-01 2.873052604182833480e+00
5.498729829159999527e-01 2.826645926511675011e+00
5.522763400769999942e-01 2.811798900628882159e+00
5.546795878360000209e-01 2.739837000952198842e+00
5.570827257239999719e-01 2.742089011974136348e+00
5.594857532729999861e-01 2.687480859343924777e+00
5.618886700149999802e-01 2.660801563335200015e+00
5.642914754819999823e-01 2.663277064556394791e+00
5.666941692069999981e-01 2.641127410390453623e+00
5.690967507230000333e-01 2.570040134345389138e+00
5.714992195610000270e-01 2.608125795800217528e+00
5.739015752549999627e-01 2.553273699771688499e+00
5.763038173369999795e-01 2.534963007341000996e+00
5.787059453409999499e-01 2.502463151405608599e+00
5.811079587990000128e-01 2.482276680900326493e+00
5.835098572450000409e-01 2.478862514816832174e+00
5.859116402120000400e-01 2.469299912272998387e+00
5.883133072339999936e-01 2.450679690978647685e+00
5.907148578440000186e-01 2.456292986026521241e+00
5.931162915769999655e-01 2.354373272152500363e+00
5.955176079649999732e-01 2.401273407028199802e+00
5.979188065430000032e-01 2.364015039765582582e+00
6.003198868450000392e-01 2.328789978506054847e+00
6.027208484060000426e-01 2.334486662466264129e+00
6.051216907599999972e-01 2.307779573242896287e+00
6.075224134409999976e-01 2.323529080101506494e+00
6.099230159840000054e-01 2.312477286379843733e+00
6.123234979249999599e-01 2.277298402156325174e+00
6.147238587969999779e-01 2.276588172392446374e+00
6.171240981359999989e-01 2.304155918751896071e+00
6.195242154779999622e-01 2.256917403972402258e+00
6.219242103569999625e-01 2.250782048243400002e+00
6.243240823100000281e-01 2.237812715857417700e+00
6.267238308710000316e-01 2.243438219454082727e+00
6.291234555770000014e-01 2.202603553989125107e+00
6.315229559639999879e-01 2.217229005758864613e+00
6.339223315680000415e-01 2.193899223283131139e+00
6.363215819240000126e-01 2.175620390359049861e+00
6.387207065690000407e-01 2.167470982707113691e+00
6.411197050410000209e-01 2.177683582310238730e+00
6.435185768750000257e-01 2.178372641020154710e+00
6.459173216079999724e-01 2.143575948261866593e+00
6.483159387770000004e-01 2.158921848738397209e+00
6.507144279190000269e-01 2.146752167458401139e+00
6.531127885719999471e-01 2.189983490191966364e+00
6.555110202720000334e-01 2.141306045281591519e+00
6.579091225580000479e-01 2.141118388587787802e+00
6.603070949660000410e-01 2.151770548944421435e+00
6.627049370359999747e-01 2.146139462454631275e+00
6.651026483030000325e-01 2.131832316959392681e+00
6.675002283080000431e-01 2.148536471153862593e+00
6.698976765880000350e-01 2.125555914721565909e+00
6.722949926810000143e-01 2.116677412733047881e+00
6.746921761259999650e-01 2.115743195873986071e+00
6.770892264610000044e-01 2.103494476627222554e+00
6.794861432259999834e-01 2.112542377203491473e+00
6.818829259590000191e-01 2.128223632620589889e+00
6.842795741999999626e-01 2.130711077213059745e+00
6.866760874870000420e-01 2.113968445987318923e+00
6.890724653609999750e-01 2.091331614195227395e+00
6.914687073599999900e-01 2.145438258431321188e+00
6.938648130250000268e-01 2.102444872354621186e+00
6.962607818960000472e-01 2.099105532147854891e+00
6.986566135109999465e-01 2.086233116479700112e+00
7.010523074129999532e-01 2.124050552249119761e+00
7.034478631410000515e-01 2.115053277685277067e+00
7.058432802349999813e-01 2.099729881449320157e+00
7.082385582360000154e-01 2.148723055172608198e+00
7.106336966849999826e-01 2.075059522083662955e+00
7.130286951230000447e-01 2.117467234160407497e+00
7.154235530910000307e-01 2.096796342811781066e+00
7.178182701309999691e-01 2.114060111439062251e+00
7.202128457830000441e-01 2.124134985543277843e+00
7.226072795900000401e-01 2.082874808792530175e+00
7.250015710930000079e-01 2.112759916516487202e+00
7.273957198339999763e-01 2.108035953789898720e+00
7.297897253549999741e-01 2.126037446149202648e+00
7.321835871990000078e-01 2.118796576643573459e+00
7.345773049079999950e-01 2.142413254108524789e+00
7.369708780239999646e-01 2.112518242625408771e+00
7.393643060900000341e-01 2.090105309134171030e+00
7.417575886480000102e-01 2.144672947338792657e+00
7.441507252429999664e-01 2.121519567790182137e+00
7.465437154180000201e-01 2.124884744714385931e+00
7.489365587149999781e-01 2.118929544369503759e+00
7.513292546780000469e-01 2.114899272297605215e+00
7.537218028500000111e-01 2.117018535380448263e+00
7.561142027770000329e-01 2.137276715808701155e+00
7.585064540010000300e-01 2.136134724623383718e+00
7.608985560680000537e-01 2.129273313221633934e+00
7.632905085200000217e-01 2.129556258495330034e+00
7.656823109039999631e-01 2.101662360427644760e+00
7.680739627629999955e-01 2.119054079626247589e+00
7.704654636419999703e-01 2.158759147422560254e+00
7.728568130870000497e-01 2.096854054420532076e+00
7.752480106419999961e-01 2.140775766634306798e+00
7.776390558539999498e-01 2.122288867894701170e+00
7.800299482670000062e-01 2.147416978182704828e+00
7.824206874269999945e-01 2.120353732121614598e+00
7.848112728810000549e-01 2.125498244532732173e+00
7.872017041740000387e-01 2.167143050085378775e+00
7.895919808519999972e-01 2.143570743792871269e+00
7.919821024619999594e-01 2.150018658725888709e+00
7.943720685499999767e-01 2.145298146613026979e+00
7.967618786639999451e-01 2.164546233167842892e+00
7.991515323500000267e-01 2.159790839010556240e+00
8.015410291540000509e-01 2.132514950119092756e+00
8.039303686259999804e-01 2.130587237995309025e+00
8.063195503109999995e-01 2.142887543589690136e+00
8.087085737579999822e-01 2.145022068124007752e+00
8.110974385139999576e-01 2.150687986773254678e+00
8.134861441270000437e-01 2.148428413648954205e+00
8.158746901450000255e-01 2.146326021694762609e+00
8.182630761179999768e-01 2.133865893856163876e+00
8.206513015919999487e-01 2.125896731378073667e+00
8.230393661179999931e-01 2.151943057898328959e+00
8.254272692430000280e-01 2.128069599399109002e+00
8.278150105170000161e-01 2.142039078315217893e+00
8.302025894890000535e-01 2.146992108287056222e+00
8.325900057089999917e-01 2.135693685314142165e+00
8.349772587249999489e-01 2.136638908211848875e+00
8.373643480889999546e-01 2.142068652077084856e+00
8.397512733480000380e-01 2.144033298737915150e+00
8.421380340549999843e-01 2.143868582124891287e+00
8.445246297590000006e-01 2.146494115742038744e+00
8.469110600100000497e-01 2.127382412435625980e+00
8.492973243600000499e-01 2.165972617944165179e+00
8.516834223589999642e-01 2.132439825803679856e+00
8.540693535579999551e-01 2.135089154909638687e+00
8.564551175079999634e-01 2.128589181161339994e+00
8.588407137619999965e-01 2.137218382583941256e+00
8.612261418690000392e-01 2.159598060763834759e+00
8.636114013829999658e-01 2.136145706213687490e+00
8.659964918550000501e-01 2.120034487029862191e+00
8.683814128369999885e-01 2.117206501179667466e+00
8.707661638820000105e-01 2.149768187252930396e+00
8.731507445420000346e-01 2.093556375798942604e+00
8.755351543699999572e-01 2.134292639250416457e+00
8.779193929180000300e-01 2.126954809181511141e+00
8.803034597409999940e-01 2.136346328273209139e+00
8.826873543909999897e-01 2.161813758693627463e+00
8.850710764210000248e-01 2.101312175995937004e+00
8.874546253859999512e-01 2.118085191201970030e+00
8.898380008380000206e-01 2.083776627468687526e+00
8.922212023329999520e-01 2.139872788535905457e+00
8.946042294249999527e-01 2.133830929768965934e+00
8.969870816670000302e-01 2.153944378590702868e+00
8.993697586150000145e-01 2.159688130963975716e+00
9.017522598230000019e-01 2.104999052592478215e+00
9.041345848470000446e-01 2.121358260502731241e+00
9.065167332410000167e-01 2.114630836223751142e+00
9.088987045609999704e-01 2.092611952087898519e+00
9.112804983629999578e-01 2.112126855672046499e+00
9.136621142020000530e-01 2.116827131157788866e+00
9.160435516339999751e-01 2.113716252672244167e+00
9.184248102159999760e-01 2.121244559701026322e+00
9.208058895039999969e-01 2.102222330395319361e+00
9.231867890539999788e-01 2.129362066314612001e+00
9.255675084240000405e-01 2.102883625782872024e+00
9.279480471700000122e-01 2.104053863108330091e+00
9.303284048490000346e-01 2.102928333089269852e+00
9.327085810190000048e-01 2.075541411012165938e+00
9.350885752369999526e-01 2.095094134549674969e+00
9.374683870619999748e-01 2.097125113539509922e+00
9.398480160509999903e-01 2.083688534603447717e+00
9.422274617620000070e-01 2.114409716531332251e+00
9.446067237530000327e-01 2.087652455265704976e+00
9.469858015840000309e-01 2.072381021947879987e+00
9.493646948130000096e-01 2.080412126499202152e+00
9.517434029989999544e-01 2.091964285149763736e+00
9.541219257020000510e-01 2.068503923523166144e+00
9.565002624789999963e-01 2.069417964933173870e+00
9.588784128920000427e-01 2.070385319386672585e+00
9.612563764999999538e-01 2.075799216499714106e+00
9.636341528640000043e-01 2.063351791152045145e+00
9.660117415419999798e-01 2.070886299092344895e+00
9.683891420960000218e-01 2.060437381555759728e+00
9.707663540859999829e-01 2.045082135178967864e+00
9.731433770730000266e-01 2.056305310644001239e+00
9.755202106189999611e-01 2.044036059227497315e+00
9.778968542829999944e-01 2.091007758654686022e+00
9.802733076290000014e-01 2.088282458380442463e+00
9.826495702169999458e-01 2.048996017254568702e+00
9.850256416089999689e-01 2.064906740950552599e+00
9.874015213679999681e-01 2.067464925657366059e+00
9.897772090559999736e-01 2.034349361499170339e+00
9.921527042350000158e-01 2.035064995061022231e+00
9.945280064670000142e-01 2.030742960483370663e+00
9.969031153170000437e-01 2.057161658830896300e+00
9.992780303460000457e-01 2.050629784387414389e+00
1.001652751119999962e+00 2.046242717193147875e+00
1.004027277200000068e+00 2.019972861877088022e+00
1.006401608150000015e+00 2.022442961734452815e+00
1.008775743529999991e+00 2.060712403806699733e+00
1.011149682919999959e+00 2.032226163760491477e+00
1.013523425870000105e+00 2.042993983284134174e+00
1.015896971939999949e+00 2.016181540497866465e+00
1.018270320709999899e+00 2.031286955538289973e+00
1.020643471729999918e+00 2.042243380255736263e+00
1.023016424579999972e+00 2.021286101967784798e+00
1.025389178820000025e+00 2.059034063902132949e+00
1.027761734010000039e+00 2.020724697397737746e+00
1.030134089719999979e+00 2.015246408728796901e+00
1.032506245520000032e+00 2.015754777525223584e+00
1.034878200969999940e+00 2.019128064813564105e+00
1.037249955640000110e+00 1.978473379871597437e+00
1.039621509090000062e+00 1.991966454194858738e+00
1.041992860899999984e+00 2.022339287211726067e+00
1.044364010630000061e+00 1.998431582166339204e+00
1.046734957850000036e+00 2.001420998067607204e+00
1.049105702120000094e+00 2.018394187768406844e+00
1.051476243009999978e+00 1.997668376873011464e+00
1.053846580100000097e+00 2.004230787248083345e+00
1.056216712939999969e+00 2.018438241602406258e+00
1.058586641120000005e+00 1.982621444714685488e+00
1.060956364189999945e+00 2.004779883247266525e+00
1.063325881729999978e+00 1.993763847748738716e+00
1.065695193300000065e+00 1.973900239625208997e+00
1.068064298479999952e+00 2.020773643087138804e+00
1.070433196830000044e+00 1.975629874891822180e+00
1.072801887920000086e+00 1.991418427950073955e+00
1.075170371330000041e+00 2.010028992063327191e+00
1.077538646630000096e+00 1.980767623196655336e+00
1.079906713379999994e+00 1.975950547155397974e+00
1.082274571149999920e+00 1.979376829288990614e+00
1.084642219530000062e+00 1.990949857086181662e+00
1.087009658069999940e+00 1.988795403488550662e+00
1.089376886349999962e+00 1.988196142882982187e+00
1.091743903940000093e+00 1.999220319500334853e+00
1.094110710420000077e+00 1.977238815639049019e+00
1.096477305350000098e+00 1.997332067113400278e+00
1.098843688309999900e+00 1.985610831217056393e+00
1.101209858879999892e+00 1.966758156534824664e+00
1.103575816610000038e+00 1.940108934791253681e+00
1.105941561090000080e+00 1.970780595959379156e+00
1.108307091889999985e+00 1.980762539344254947e+00
1.110672408589999938e+00 1.995464290864012558e+00
1.113037510749999903e+00 1.946837582597882754e+00
1.115402397950000069e+00 1.975623133453784153e+00
1.117767069769999955e+00 1.957592438859625528e+00
1.120131525779999970e+00 1.934646198725180621e+00
1.122495765550000080e+00 1.935557394914136697e+00
1.124859788670000027e+00 1.996921886224994669e+00
1.127223594699999998e+00 1.962207874416951103e+00
1.129587183209999957e+00 1.985131200191815104e+00
1.131950553800000092e+00 1.922029890281952369e+00
1.134313706019999923e+00 1.954985267288014583e+00
1.136676639470000083e+00 1.959753622386491312e+00
1.139039353700000090e+00 1.913490349698345749e+00
1.141401848309999911e+00 1.936847467901959607e+00
1.143764122869999955e+00 1.933056513355039918e+00
1.146126176949999964e+00 1.936623115505032633e+00
1.148488010129999903e+00 1.974999103829856661e+00
1.150849621999999961e+00 1.919126301316852690e+00
1.153211012110000100e+00 1.971712444854826440e+00
1.155572180070000066e+00 1.946141244413150062e+00
1.157933125440000044e+00 1.947535448619747367e+00
1.160293847800000000e+00 1.971027704481597809e+00
1.162654346729999899e+00 1.960210411527595120e+00
1.165014621809999928e+00 1.894500624898309393e+00
1.167374672620000053e+00 1.949885922832836904e+00
1.169734498740000017e+00 1.972399375143480516e+00
1.172094099740000006e+00 1.951367221974501742e+00
1.174453475219999987e+00 1.922091591763156249e+00
1.176812624739999924e+00 1.934426262990740941e+00
1.179171547890000005e+00 1.975393226603010532e+00
1.181530244249999972e+00 1.936333598148146873e+00
1.183888713400000015e+00 1.975014230194687581e+00
1.186246954920000096e+00 1.949244393074865300e+00
1.188604968399999962e+00 1.905209577557833711e+00
1.190962753400000018e+00 1.950587494411121003e+00
1.193320309530000012e+00 1.937323232765818748e+00
1.195677636349999906e+00 1.928772347643484597e+00
1.198034733449999889e+00 1.909512266615351006e+00
1.200391600419999927e+00 1.948995914604127133e+00
1.202748236829999984e+00 1.948301445681227317e+00
1.205104642280000027e+00 1.891637471110089397e+00
1.207460816330000020e+00 1.918005790091084517e+00
1.209816758579999929e+00 1.896650700442974902e+00
1.212172468609999942e+00 1.907971960917330900e+00
1.214527946010000026e+00 1.902792600849718685e+00
1.216883190349999921e+00 1.888287556082413499e+00
1.219238201230000040e+00 1.874474192597946232e+00
1.221592978219999903e+00 1.896476720264248073e+00
1.223947520919999921e+00 1.907703738724448428e+00
1.226301828910000058e+00 1.889456809269776549e+00
1.228655901770000058e+00 1.846501440661960203e+00
1.231009739090000110e+00 1.914428384787012938e+00
1.233363340449999956e+00 1.914182817437248829e+00
1.235716705450000008e+00 1.925856989775181383e+00
1.238069833670000008e+00 1.857323731534458844e+00
1.240422724689999923e+00 1.898883191587015240e+00
1.242775378109999940e+00 1.881545551294807161e+00
1.245127793500000024e+00 1.845243311123875074e+00
1.247479970469999921e+00 1.865101677504793720e+00
1.249831908590000040e+00 1.855757139438837022e+00
1.252183607449999903e+00 1.845734117650694728e+00
1.254535066639999918e+00 1.869437912169657601e+00
1.256886285760000055e+00 1.839035355959345530e+00
1.259237264390000055e+00 1.897258635223610490e+00
1.261588002110000106e+00 1.824606039229359489e+00
1.263938498519999953e+00 1.876444566498207678e+00
1.266288753220000007e+00 1.873205577326200633e+00
1.268638765770000010e+00 1.818003734165545282e+00
1.270988535789999929e+00 1.852643156153318316e+00
1.273338062859999953e+00 1.879231132758769185e+00
1.275687346560000046e+00 1.853664544222719535e+00
1.278036386489999954e+00 1.855765144124392307e+00
1.280385182250000087e+00 1.848582584785112282e+00
1.282733733419999966e+00 1.855729985259413795e+00
1.285082039590000003e+00 1.836853135854934926e+00
1.287430100359999940e+00 1.888758687423571558e+00
1.289777915309999967e+00 1.840508406600530833e+00
1.292125484050000050e+00 1.842144988140838713e+00
1.294472806159999934e+00 1.798244536501472091e+00
1.296819881240000027e+00 1.817521854464696496e+00
1.299166708880000076e+00 1.818696912047886194e+00
1.301513288670000046e+00 1.842318908875911099e+00
1.303859620209999903e+00 1.860654471660000198e+00
1.306205703090000059e+00 1.831508327242688416e+00
1.308551536910000035e+00 1.809548874423950515e+00
1.310897121260000020e+00 1.845997943223112614e+00
1.313242455729999980e+00 1.852969305450612225e+00
1.315587539930000105e+00 1.840990109163437083e+00
1.317932373429999915e+00 1.867825012098649928e+00
1.320276955850000045e+00 1.845960886610187757e+00
1.322621286780000016e+00 1.841690421888486640e+00
1.324965365810000018e+00 1.809988585193037736e+00
1.327309192540000016e+00 1.838504679032863187e+00
1.329652766569999978e+00 1.817764305097112398e+00
1.331996087490000091e+00 1.868877213610924848e+00
1.334339154910000103e+00 1.866038917506162242e+00
1.336681968409999977e+00 1.895395458186301063e+00
1.339024527589999902e+00 1.887323873999412704e+00
1.341366832060000069e+00 1.843284105729026123e+00
1.343708881420000001e+00 1.892111244285111127e+00
1.346050675250000106e+00 1.840749278566200964e+00
1.348392213169999909e+00 1.844810770339237571e+00
1.350733494760000042e+00 1.864622712524024450e+00
1.353074519630000028e+00 1.906221105138612870e+00
1.355415287380000056e+00 1.864413754691376823e+00
1.357755797610000092e+00 1.870923731672511359e+00
1.360096049910000104e+00 1.866203416416012395e+00
1.362436043900000060e+00 1.883279618005400557e+00
1.364775779159999924e+00 1.909064265525536541e+00
1.367115255300000110e+00 1.873537344937588500e+00
1.369454471929999917e+00 1.905613220888835890e+00
1.371793428639999979e+00 1.905701980865712741e+00
1.374132125030000040e+00 1.898655967838149827e+00
1.376470560710000068e+00 1.964694486009461727e+00
1.378808735280000031e+00 1.916273351871275565e+00
1.381146648339999894e+00 1.919777545192888013e+00
1.383484299500000070e+00 1.918881626146175634e+00
1.385821688350000080e+00 1.941323062018326162e+00
1.388158814509999894e+00 1.982686228810387696e+00
1.390495677569999922e+00 1.910949778737649041e+00
1.392832277139999908e+00 1.920268334088375717e+00
1.395168612830000043e+00 1.952137641418124403e+00
1.397504684230000072e+00 1.927175627258237434e+00
1.399840490959999961e+00 1.991829957184824806e+00
1.402176032609999901e+00 1.963327711807261622e+00
1.404511308800000080e+00 1.944298561376037071e+00
1.406846319120000022e+00 1.978688448986400061e+00
1.409181063199999917e+00 1.945658297212474075e+00
1.411515540619999953e+00 1.969873825078725993e+00
1.413849751000000099e+00 1.993736148937649943e+00
1.416183693950000100e+00 1.985270964377711778e+00
1.418517369059999922e+00 1.999381543659688454e+00
1.420850775959999979e+00 1.980802765237236862e+00
1.423183914240000014e+00 1.981710984391575892e+00
1.425516783519999997e+00 2.003123042812550381e+00
1.427849383399999894e+00 2.034085265060112668e+00
1.430181713489999895e+00 1.997725028524198976e+00
1.432513773399999968e+00 2.017690424877175204e+00
1.434845562740000080e+00 1.984695852548125750e+00
1.437177081119999977e+00 2.025271785235762678e+00
1.439508328140000071e+00 2.051950058488063000e+00
1.441839303430000108e+00 2.050569309791187678e+00
1.444170006580000054e+00 2.050904630618787472e+00
1.446500437210000101e+00 2.064719851651711124e+00
1.448830594919999992e+00 2.107275579116937969e+00
1.451160479339999920e+00 2.057185049235488172e+00
1.453490090070000074e+00 2.020767994886800700e+00
1.455819426719999976e+00 2.045263344620861901e+00
1.458148488900000039e+00 2.045600814913038690e+00
1.460477276240000011e+00 2.075862344527313219e+00
1.462805788330000079e+00 2.074031972778212385e+00
1.465134024789999989e+00 2.039301519792124928e+00
1.467461985239999933e+00 2.075964852284236883e+00
1.469789669280000100e+00 2.115512535142525685e+00
1.472117076540000014e+00 2.081612043435199233e+00
1.474444206620000086e+00 2.082835038245725023e+00
1.476771059140000064e+00 2.104274991159686969e+00
1.479097633709999915e+00 2.103450028892712709e+00
1.481423929960000052e+00 2.088738552901650891e+00
1.483749947479999998e+00 2.058020977922837780e+00
1.486075685909999944e+00 2.082983440198513669e+00
1.488401144840000079e+00 2.129725446516661513e+00
1.490726323909999929e+00 2.086912951878112210e+00
1.493051222729999905e+00 2.089714702935363100e+00
1.495375840909999976e+00 2.136186427836699764e+00
1.497700178060000109e+00 2.112533631250200550e+00
1.500024233820000052e+00 2.146369955147236830e+00
1.502348007779999994e+00 2.134188002162788145e+00
1.504671499579999905e+00 2.179494065167212113e+00
1.506994708829999974e+00 2.096831549781412285e+00
1.509317635139999947e+00 2.107944826647575987e+00
1.511640278140000015e+00 2.105278304655226584e+00
1.513962637439999925e+00 2.071942804586424103e+00
1.516284712670000090e+00 2.109590208486600282e+00
1.518606503440000033e+00 2.135170656548125656e+00
1.520928009369999945e+00 2.139829678762787957e+00
1.523249230080000016e+00 2.142595382253513314e+00
1.525570165199999995e+00 2.116784552610589287e+00
1.527890814330000069e+00 2.107115729548636907e+00
1.530211177119999988e+00 2.130495684401837231e+00
1.532531253159999940e+00 2.120064084365337109e+00
1.534851042089999895e+00 2.089383965709087576e+00
1.537170543530000044e+00 2.149360269997962369e+00
1.539489757099999911e+00 2.127166066068925332e+00
1.541808682419999910e+00 2.137902230287649807e+00
1.544127319120000008e+00 2.105729548633775039e+00
1.546445666809999953e+00 2.138050943726688580e+00
1.548763725119999934e+00 2.148370236570838365e+00
1.551081493679999923e+00 2.093366827972274358e+00
1.553398972100000108e+00 2.129938777774824210e+00
1.555716160020000016e+00 2.112924367830987471e+00
1.558033057050000059e+00 2.130160372589775974e+00
1.560349662819999983e+00 2.115069985468224445e+00
1.562665976959999981e+00 2.110168606610486997e+00
1.564981999090000020e+00 2.114914476358062956e+00
1.567297728830000070e+00 2.095990345737861915e+00
1.569613165810000099e+00 2.115156271102886620e+00
1.571928309670000079e+00 2.106876815433949446e+00
1.574243160009999976e+00 2.139132036631413492e+00
1.576557716479999982e+00 2.126123406345938882e+00
1.578871978700000067e+00 2.120811185209150018e+00
1.581185946289999977e+00 2.102505028976212387e+00
1.583499618879999904e+00 2.126650544778312835e+00
1.585812996100000039e+00 2.124429816075737776e+00
1.588126077589999907e+00 2.088171448068186109e+00
1.590438862959999922e+00 2.101585810227537543e+00
1.592751351840000051e+00 2.116292074386525002e+00
1.595063543870000045e+00 2.083433163498036755e+00
1.597375438680000093e+00 2.129808460516099622e+00
1.599687035889999942e+00 2.123121154055099602e+00
1.601998335130000006e+00 2.123720547727312891e+00
1.604309336040000034e+00 2.127363714790938332e+00
1.606620038249999993e+00 2.119490792723999206e+00
1.608930441380000076e+00 2.082881204616712445e+00
1.611240545060000029e+00 2.135290362842625633e+00
1.613550348940000045e+00 2.124144331614725267e+00
1.615859852640000094e+00 2.096592574999262659e+00
1.618169055789999922e+00 2.114822307137725232e+00
1.620477958019999942e+00 2.129520229012562105e+00
1.622786558969999904e+00 2.189018078306236958e+00
1.625094858269999998e+00 2.160641161765474827e+00
1.627402855559999972e+00 2.141037263889011832e+00
1.629710550470000019e+00 2.125634913628537959e+00
1.632017942620000106e+00 2.148429392017525252e+00
1.634325031659999983e+00 2.144266486892837165e+00
1.636631817230000063e+00 2.182410109783250007e+00
1.638938298940000093e+00 2.178882984931250544e+00
1.641244476450000045e+00 2.119346598103574841e+00
1.643550349380000108e+00 2.177665261338362690e+00
1.645855917380000033e+00 2.128610218276163035e+00
1.648161180070000009e+00 2.169971663820387420e+00
1.650466137100000008e+00 2.168221307308413337e+00
1.652770788099999999e+00 2.146763902666012580e+00
1.655075132699999951e+00 2.187516781365762331e+00
1.657379170550000058e+00 2.163057205476900169e+00
1.659682901290000068e+00 2.183708979401875361e+00
1.661986324539999949e+00 2.205447629984462754e+00
1.664289439949999894e+00 2.156251967982275364e+00
1.666592247160000095e+00 2.205101026928000252e+00
1.668894745810000080e+00 2.204284308233786405e+00
1.671196935530000038e+00 2.167486850336150184e+00
1.673498815969999942e+00 2.185845108377087787e+00
1.675800386759999983e+00 2.222718462457375033e+00
1.678101647539999908e+00 2.199982699559525301e+00
1.680402597959999911e+00 2.197570708189699573e+00
1.682703237659999962e+00 2.204551058554337306e+00
1.685003566270000031e+00 2.216729815014024663e+00
1.687303583440000088e+00 2.206337616073938079e+00
1.689603288810000103e+00 2.240774966684687897e+00
1.691902682020000048e+00 2.214692524907112325e+00
1.694201762719999893e+00 2.220861870677737659e+00
1.696500530540000051e+00 2.226341825853812573e+00
1.698798985130000050e+00 2.225966431424674763e+00
1.701097126140000082e+00 2.251804083675236878e+00
1.703394953199999895e+00 2.264737107825212536e+00
1.705692465949999903e+00 2.277944961904650345e+00
1.707989664060000079e+00 2.295002614500987637e+00
1.710286547149999947e+00 2.286616779225474794e+00
1.712583114869999923e+00 2.258280733007012486e+00
1.714879366879999978e+00 2.277555826539213069e+00
1.717175302800000081e+00 2.285453449562800277e+00
1.719470922299999982e+00 2.264818296765124916e+00
1.721766225010000095e+00 2.275423908941275108e+00
1.724061210579999948e+00 2.281122775103537670e+00
1.726355878659999954e+00 2.299883541771487572e+00
1.728650228890000085e+00 2.318848126864537118e+00
1.730944260930000089e+00 2.313661079487349337e+00
1.733237974419999938e+00 2.290630200867549870e+00
1.735531369000000046e+00 2.327205947465400104e+00
1.737824444339999941e+00 2.338061901202162840e+00
1.740117200060000036e+00 2.339865873355650550e+00
1.742409635830000081e+00 2.342150374913212652e+00
1.744701751290000047e+00 2.354610581552575077e+00
1.746993546099999906e+00 2.351376009484074991e+00
1.749285019890000070e+00 2.348576783119800115e+00
1.751576172330000070e+00 2.367574202864262567e+00
1.753867003060000096e+00 2.397149180771574795e+00
1.756157511729999898e+00 2.372536642917149941e+00
1.758447697999999892e+00 2.378664180265049222e+00
1.760737561510000049e+00 2.388819837238112420e+00
1.763027101919999895e+00 2.401827302253525698e+00
1.765316318880000068e+00 2.410687802233412835e+00
1.767605212040000096e+00 2.394400295880000140e+00
1.769893781049999948e+00 2.432874242676850152e+00
1.772182025580000042e+00 2.394320548626513112e+00
1.774469945259999903e+00 2.417579840126774737e+00
1.776757539759999949e+00 2.426385388773425245e+00
1.779044808719999926e+00 2.421798616098487233e+00
1.781331751810000030e+00 2.441649342011800172e+00
1.783618368670000010e+00 2.441496289283362042e+00
1.785904658970000058e+00 2.418381185806862455e+00
1.788190622349999925e+00 2.444789710180698794e+00
1.790476258470000026e+00 2.472839033113528373e+00
1.792761566999999889e+00 2.463324178353696325e+00
1.795046547569999928e+00 2.460427190261544883e+00
1.797331199859999895e+00 2.477108338173405588e+00
1.799615523519999982e+00 2.476958025381097439e+00
1.801899518199999939e+00 2.476269809197787719e+00
1.804183183559999959e+00 2.497053229143953779e+00
1.806466519270000015e+00 2.500147757179692842e+00
1.808749524970000078e+00 2.519122812839355241e+00
1.811032200329999897e+00 2.499576203171707700e+00
1.813314545000000111e+00 2.529019956710185202e+00
1.815596558650000025e+00 2.514804889513123864e+00
1.817878240930000056e+00 2.542223928507718611e+00
1.820159591509999952e+00 2.579756922837720179e+00
1.822440610039999909e+00 2.572654326099915512e+00
1.824721296179999896e+00 2.549787006174512705e+00
1.827001649600000110e+00 2.596401482433180696e+00
1.829281669950000078e+00 2.615017141499659026e+00
1.831561356899999993e+00 2.583076882027658616e+00
1.833840710110000050e+00 2.575887129509381257e+00
1.836119729239999998e+00 2.577320115426931402e+00
1.838398413960000033e+00 2.617325957187881080e+00
1.840676763919999903e+00 2.609231803366957259e+00
1.842954778780000025e+00 2.582481125166623315e+00
1.845232458219999927e+00 2.600943050859176431e+00
1.847509801900000026e+00 2.571557913137772378e+00
1.849786809470000071e+00 2.623461008835582309e+00
1.852063480610000035e+00 2.583629037606476331e+00
1.854339814979999890e+00 2.612156925228213300e+00
1.856615812240000052e+00 2.617203861104688833e+00
1.858891472050000049e+00 2.600927478662310666e+00
1.861166794090000076e+00 2.637017280542231834e+00
1.863441778030000107e+00 2.626535432478718679e+00
1.865716423510000110e+00 2.629909354809352617e+00
1.867990730220000062e+00 2.631299305644481112e+00
1.870264697819999933e+00 2.634381089025471301e+00
1.872538325979999918e+00 2.637741464315678463e+00
1.874811614359999989e+00 2.646631058967041206e+00
1.877084562629999898e+00 2.683548404470940785e+00
1.879357170460000059e+00 2.700635500643461029e+00
1.881629437520000003e+00 2.634193607891536892e+00
1.883901363479999924e+00 2.665573476220645333e+00
1.886172948010000017e+00 2.676877084173342247e+00
1.888444190770000031e+00 2.696681184094110062e+00
1.890715091439999940e+00 2.705212380546739848e+00
1.892985649679999938e+00 2.662581395869795031e+00
1.895255865169999998e+00 2.682578223148454288e+00
1.897525737580000094e+00 2.685628170414308791e+00
1.899795266579999975e+00 2.697253021469437684e+00
1.902064451840000059e+00 2.674866326323985799e+00
1.904333293030000096e+00 2.706993256366906575e+00
1.906601789820000059e+00 2.664586826340626047e+00
1.908869941889999922e+00 2.702157992011357646e+00
1.911137748910000100e+00 2.712897862623044443e+00
1.913405210549999902e+00 2.722484053691337724e+00
1.915672326489999966e+00 2.719629410470654651e+00
1.917939096400000043e+00 2.709590189460224341e+00
1.920205519950000106e+00 2.727264545915653926e+00
1.922471596819999906e+00 2.722892641693904547e+00
1.924737326680000082e+00 2.738839809677493520e+00
1.927002709209999942e+00 2.729632233963499299e+00
1.929267744089999903e+00 2.729220363109379210e+00
1.931532430979999937e+00 2.744836066978777467e+00
1.933796769570000018e+00 2.753065895518090223e+00
1.936060759529999897e+00 2.733399585605226001e+00
1.938324400539999992e+00 2.747584597261358397e+00
1.940587692280000054e+00 2.761075948365717903e+00
1.942850634420000056e+00 2.743316114455511379e+00
1.945113226639999970e+00 2.766442145903181604e+00
1.947375468609999993e+00 2.772174859556801430e+00
1.949637360030000099e+00 2.737561152635037853e+00
1.951898900570000039e+00 2.771245705124372627e+00
1.954160089890000007e+00 2.773083052047481623e+00
1.956420927699999979e+00 2.775411550017428564e+00
1.958681413659999926e+00 2.784187934647918805e+00
1.960941547450000044e+00 2.767019990414618213e+00
1.963201328760000086e+00 2.768445417464690195e+00
1.965460757260000024e+00 2.775500049313644801e+00
1.967719832640000055e+00 2.799137108493187753e+00
1.969978554579999930e+00 2.780325546449695207e+00
1.972236922760000066e+00 2.792048926095070716e+00
1.974494936869999995e+00 2.781201185573446200e+00
1.976752596569999909e+00 2.806919601577589685e+00
1.979009901570000007e+00 2.780888279061218604e+00
1.981266851540000040e+00 2.769103564546388174e+00
1.983523446159999981e+00 2.799169762639967640e+00
1.985779685110000026e+00 2.809299739267714369e+00
1.988035568089999927e+00 2.813804733813681569e+00
1.990291094780000103e+00 2.773626941195070472e+00
1.992546264860000083e+00 2.773835024155455908e+00
1.994801078020000062e+00 2.784102302431342046e+00
1.997055533930000015e+00 2.836481579693328925e+00
1.999309632299999917e+00 2.798504688256897577e+00
2.001563372800000185e+00 2.794063878166976878e+00
2.003816755119999904e+00 2.785108933186392743e+00
2.006069778940000159e+00 2.794717065725487615e+00
2.008322443960000037e+00 2.768819128758620352e+00
2.010574749869999955e+00 2.793712876184410554e+00
2.012826696339999888e+00 2.798797143541833954e+00
2.015078283069999809e+00 2.797120114207471975e+00
2.017329509750000138e+00 2.787061472322771571e+00
2.019580376059999960e+00 2.809166795857422905e+00
2.021830881690000137e+00 2.793736384125416805e+00
2.024081026350000201e+00 2.773041571105991920e+00
2.026330809700000124e+00 2.796138274424087466e+00
2.028580231449999882e+00 2.819519990712043178e+00
2.030829291279999893e+00 2.824680101007523092e+00
2.033077988890000132e+00 2.794986864932348603e+00
2.035326323960000128e+00 2.842263512639253698e+00
2.037574296199999857e+00 2.812522677391365633e+00
2.039821905280000180e+00 2.803478735285671597e+00
2.042069150900000185e+00 2.790324699283235788e+00
2.044316032759999846e+00 2.802464602148744710e+00
2.046562550550000026e+00 2.814480899690468441e+00
2.048808703959999811e+00 2.818430644328687507e+00
2.051054492680000063e+00 2.808330648493035042e+00
2.053299916419999871e+00 2.782026244075168186e+00
2.055544974850000095e+00 2.824102575553303129e+00
2.057789667679999823e+00 2.794160351796652009e+00
2.060033994609999919e+00 2.790447264913185066e+00
2.062277955319999911e+00 2.802992182269317567e+00
2.064521549510000220e+00 2.802407215882064762e+00
2.066764776889999933e+00 2.788023402566828679e+00
2.069007637139999911e+00 2.801493895649311394e+00
2.071250129960000130e+00 2.789647740131258935e+00
2.073492255050000121e+00 2.767733142730357532e+00
2.075734012099999859e+00 2.782973897162839716e+00
2.077975400820000207e+00 2.762703979286062150e+00
2.080216420909999808e+00 2.745470385771842103e+00
2.082457072049999969e+00 2.728282926759413307e+00
2.084697353950000220e+00 2.756832018273323470e+00
2.086937266310000094e+00 2.736786811034371159e+00
2.089176808830000009e+00 2.749857657893899354e+00
2.091415981209999941e+00 2.736344070572357623e+00
2.093654783139999864e+00 2.738516655891435114e+00
2.095893214330000198e+00 2.747657480738273428e+00
2.098131274480000030e+00 2.746167663952264526e+00
2.100368963289999780e+00 2.748303042483289715e+00
2.102606280449999865e+00 2.738965899492685985e+00
2.104843225689999819e+00 2.732257145279401556e+00
2.107079798680000060e+00 2.716502836873504911e+00
2.109315999150000120e+00 2.696507500938044810e+00
2.111551826779999974e+00 2.733899729726559258e+00
2.113787281290000042e+00 2.691294358871937131e+00
2.116022362369999854e+00 2.726330409720037373e+00
2.118257069729999831e+00 2.695499417749088966e+00
2.120491403079999948e+00 2.720381180826274559e+00
2.122725362120000181e+00 2.692458903754785027e+00
2.124958946550000061e+00 2.704016074719107543e+00
2.127192156080000007e+00 2.693560141361977855e+00
2.129424990419999997e+00 2.685511611453221370e+00
2.131657449260000003e+00 2.719506182142607198e+00
2.133889532330000005e+00 2.676234305761152843e+00
2.136121239309999975e+00 2.698610462887535810e+00
2.138352569929999891e+00 2.692246293889440700e+00
2.140583523880000172e+00 2.705086961537319645e+00
2.142814100879999906e+00 2.659439671003036132e+00
2.145044300639999957e+00 2.687201647919822634e+00
2.147274122849999856e+00 2.676994079014754835e+00
2.149503567230000023e+00 2.679255382230032012e+00
2.151732633499999991e+00 2.680407965441515827e+00
2.153961321350000180e+00 2.680306087437002383e+00
2.156189630500000121e+00 2.656805925026210602e+00
2.158417560649999789e+00 2.657127007944477093e+00
2.160645111530000051e+00 2.658052527364025863e+00
2.162872282829999993e+00 2.642406052323389432e+00
2.165099074280000035e+00 2.683000118193705319e+00
2.167325485570000154e+00 2.643431563348144664e+00
2.169551516429999882e+00 2.643455594371767692e+00
2.171777166570000084e+00 2.614762852950359928e+00
2.174002435689999846e+00 2.636516445392720787e+00
2.176227323510000033e+00 2.631558668702696835e+00
2.178451829750000179e+00 2.622172390068667980e+00
2.180675954109999815e+00 2.633640086908294542e+00
2.182899696319999805e+00 2.608410577036578193e+00
2.185123056080000126e+00 2.612740440569304656e+00
2.187346033109999865e+00 2.602601549239626166e+00
2.189568627119999888e+00 2.616844577529874982e+00
2.191790837830000171e+00 2.597661523716806364e+00
2.194012664959999803e+00 2.585811893634401226e+00
2.196234108220000092e+00 2.637135723616140570e+00
2.198455167330000126e+00 2.586968999761893429e+00
2.200675841999999882e+00 2.598852743553619060e+00
2.202896131949999781e+00 2.592652515269052493e+00
2.205116036899999798e+00 2.582829376462750570e+00
2.207335556559999912e+00 2.577687967799841662e+00
2.209554690660000098e+00 2.561057009883397129e+00
2.211773438909999889e+00 2.606565867772544287e+00
2.213991801030000151e+00 2.546331364617550719e+00
2.216209776739999970e+00 2.551514045865422631e+00
2.218427365760000214e+00 2.570086211351136907e+00
2.220644567809999970e+00 2.537784745339281223e+00
2.222861382600000102e+00 2.587329823752774871e+00
2.225077809870000145e+00 2.563446431603907172e+00
2.227293849320000074e+00 2.563365208944405893e+00
2.229509500689999868e+00 2.530386913900285251e+00
2.231724763689999946e+00 2.562179173600127591e+00
2.233939638039999842e+00 2.543342675014287124e+00
2.236154123469999977e+00 2.529177105829522709e+00
2.238368219689999883e+00 2.517685676485035273e+00
2.240581926439999982e+00 2.518081128368730326e+00
2.242795243439999808e+00 2.517314785070441374e+00
2.245008170399999781e+00 2.484763135087387109e+00
2.247220707049999877e+00 2.512785728092600479e+00
2.249432853120000075e+00 2.472410492574113938e+00
2.251644608329999908e+00 2.498944868280703169e+00
2.253855972409999797e+00 2.492833382258655028e+00
2.256066945080000163e+00 2.457998336570520692e+00
2.258277526060000095e+00 2.463462079128243332e+00
2.260487715090000016e+00 2.471869164854089806e+00
2.262697511879999901e+00 2.484822508075388292e+00
2.264906916170000173e+00 2.454020504748134268e+00
2.267115927679999920e+00 2.468553582799898116e+00
2.269324546150000010e+00 2.506507562862748895e+00
2.271532771289999975e+00 2.449277798352197166e+00
2.273740602829999791e+00 2.442370863903593481e+00
2.275948040509999881e+00 2.442111688293474359e+00
2.278155084059999780e+00 2.473308021009632540e+00
2.280361733189999907e+00 2.439156228310654040e+00
2.282567987649999797e+00 2.455018490429612399e+00
2.284773847149999870e+00 2.437394331319206131e+00
2.286979311440000107e+00 2.393548131779383858e+00
2.289184380240000038e+00 2.417582508654742668e+00
2.291389053280000088e+00 2.434489686324514679e+00
2.293593330299999788e+00 2.449614890559984826e+00
2.295797211020000006e+00 2.395677082577888584e+00
2.298000695179999830e+00 2.394007159333666923e+00
2.300203782510000128e+00 2.408045946558617700e+00
2.302406472729999987e+00 2.401282658542830184e+00
2.304608765599999831e+00 2.408777039599792946e+00
2.306810660830000081e+00 2.382777446610083949e+00
2.309012158159999828e+00 2.394572692671912417e+00
2.311213257329999937e+00 2.399374953089591145e+00
2.313413958069999943e+00 2.390048112537257907e+00
2.315614260119999823e+00 2.363247967805070182e+00
2.317814163199999999e+00 2.381073272784435257e+00
2.320013667060000007e+00 2.367764200280384479e+00
2.322212771429999822e+00 2.350217064988823434e+00
2.324411476049999870e+00 2.366809731638523484e+00
2.326609780650000125e+00 2.346053544093686050e+00
2.328807684970000125e+00 2.337326966901099645e+00
2.331005188739999845e+00 2.349669036097452590e+00
2.333202291710000154e+00 2.337930086902130000e+00
2.335398993620000141e+00 2.330024478866566717e+00
2.337595294189999784e+00 2.357585040535370435e+00
2.339791193179999951e+00 2.332906359882793268e+00
2.341986690310000174e+00 2.329726682674536420e+00
2.344181785329999990e+00 2.325804805794293273e+00
2.346376477979999819e+00 2.322439111327461170e+00
2.348570767990000085e+00 2.324219589592176227e+00
2.350764655109999879e+00 2.324468018721693952e+00
2.352958139080000066e+00 2.290180103222776431e+00
2.355151219630000181e+00 2.307792578273498929e+00
2.357343896520000204e+00 2.302919229251950917e+00
2.359536169480000112e+00 2.285392630735185282e+00
2.361728038249999884e+00 2.274496115292999221e+00
2.363919502579999943e+00 2.279641572504424119e+00
2.366110562199999823e+00 2.266002175799013862e+00
2.368301216869999948e+00 2.267465468537834816e+00
2.370491466329999852e+00 2.271750105666619390e+00
2.372681310309999958e+00 2.250359937974943492e+00
2.374870748559999800e+00 2.246136868124961161e+00
2.377059780839999803e+00 2.230165441345781652e+00
2.379248406869999943e+00 2.240741937185257271e+00
2.381436626420000202e+00 2.232246240522172354e+00
2.383624439210000112e+00 2.239962433411240905e+00
2.385811845010000098e+00 2.232906201164027493e+00
2.387998843550000139e+00 2.227703842278786261e+00
2.390185434580000212e+00 2.220286508506345680e+00
2.392371617859999855e+00 2.186202737928915951e+00
2.394557393109999932e+00 2.222185891693424509e+00
2.396742760099999980e+00 2.206056372628067752e+00
2.398927718579999979e+00 2.199773865898046132e+00
2.401112268279999906e+00 2.188068834237625548e+00
2.403296408960000186e+00 2.185036799937859708e+00
2.405480140369999909e+00 2.180928688932678661e+00
2.407663462259999942e+00 2.184062791152745486e+00
2.409846374369999822e+00 2.184287081327181745e+00
2.412028876459999971e+00 2.199154007903239005e+00
2.414210968279999925e+00 2.176793605944753907e+00
2.416392649580000107e+00 2.141028158732341868e+00
2.418573920100000052e+00 2.147651724340390089e+00
2.420754779610000185e+00 2.170616534969761702e+00
2.422935227850000039e+00 2.178534646602665159e+00
2.425115264570000040e+00 2.158420398476438962e+00
2.427294889530000166e+00 2.161564290157108381e+00
2.429474102479999953e+00 2.193036760884415237e+00
2.431652903169999824e+00 2.139724262753759820e+00
2.433831291370000205e+00 2.123809956792625186e+00
2.436009266810000184e+00 2.174413207368475653e+00
2.438186829260000188e+00 2.128289295925182678e+00
2.440363978460000194e+00 2.147806300656053491e+00
2.442540714190000184e+00 2.139813154940469975e+00
2.444717036180000136e+00 2.138594569516718558e+00
2.446892944200000031e+00 2.103472965755361024e+00
2.449068437999999848e+00 2.099715406021581465e+00
2.451243517340000011e+00 2.071366248952354994e+00
2.453418181970000056e+00 2.076325243758377681e+00
2.455592431659999964e+00 2.076390691409129907e+00
2.457766266160000157e+00 2.094039294269911533e+00
2.459939685220000172e+00 2.076045562465635541e+00
2.462112688609999989e+00 2.066454080212522193e+00
2.464285276090000032e+00 2.064826577250340911e+00
2.466457447409999837e+00 2.109083773562195674e+00
2.468629202329999828e+00 2.053561805577968080e+00
2.470800540609999985e+00 2.085678085331791110e+00
2.472971462009999843e+00 2.055453871746962147e+00
2.475141966299999829e+00 2.055542208226754930e+00
2.477312053229999922e+00 2.077265411765014669e+00
2.479481722560000101e+00 2.017543822717871471e+00
2.481650974059999903e+00 2.068367888936888832e+00
2.483819807480000197e+00 2.025281422125157604e+00
2.485988222590000074e+00 2.027219358000986293e+00
2.488156219159999960e+00 2.055793786563310466e+00
2.490323796929999833e+00 2.036883004602993541e+00
2.492490955690000121e+00 2.028123570504647866e+00
2.494657695179999912e+00 2.022453576581018098e+00
2.496824015180000078e+00 2.021061832929593294e+00
2.498989915450000154e+00 2.055025439794257558e+00
2.501155395750000121e+00 2.045492170168123902e+00
2.503320455839999958e+00 2.048276459706064756e+00
2.505485095500000092e+00 2.013956579487291343e+00
2.507649314490000059e+00 2.010612983635245321e+00
2.509813112569999838e+00 2.015223823352017440e+00
2.511976489509999855e+00 1.996688982340137475e+00
2.514139445080000090e+00 2.032984595774221415e+00
2.516301979040000081e+00 2.019555671896732463e+00
2.518464091169999808e+00 2.015872260150127548e+00
2.520625781220000139e+00 1.990180735701833292e+00
2.522787048970000168e+00 1.988062418444769941e+00
2.524947894179999874e+00 2.003309481163798811e+00
2.527108316630000129e+00 1.980413488615486051e+00
2.529268316080000023e+00 1.985052830323529749e+00
2.531427892299999982e+00 2.007480202258005164e+00
2.533587045069999988e+00 1.983815425321294290e+00
2.535745774140000020e+00 1.969306153563407324e+00
2.537904079300000060e+00 1.975253052833510159e+00
2.540061960310000089e+00 1.931198690966762443e+00
2.542219416950000088e+00 1.962762813945646112e+00
2.544376448980000038e+00 1.958520374502653594e+00
2.546533056179999921e+00 1.939105215946546057e+00
2.548689238320000161e+00 1.927378153005576467e+00
2.550844995169999851e+00 1.969094759864905342e+00
2.553000326509999862e+00 1.925241042029635086e+00
2.555155232100000173e+00 1.917273619441010046e+00
2.557309711729999879e+00 1.959894481863005300e+00
2.559463765159999848e+00 1.978798490720724779e+00
2.561617392180000063e+00 1.956277799166218578e+00
2.563770592550000060e+00 1.905172011640475116e+00
2.565923366049999821e+00 1.927210951734435129e+00
2.568075712450000214e+00 1.914152633522243852e+00
2.570227631539999891e+00 1.916824399158553627e+00
2.572379123080000163e+00 1.960576227735382426e+00
2.574530186860000125e+00 1.930513229062118752e+00
2.576680822640000201e+00 1.927599763864820126e+00
2.578831030219999931e+00 1.936460577770183766e+00
2.580980809360000183e+00 1.885177583007551450e+00
2.583130159840000051e+00 1.884511214830112413e+00
2.585279081439999960e+00 1.910694680671800816e+00
2.587427573939999892e+00 1.886406462743156265e+00
2.589575637119999829e+00 1.871382449838896012e+00
2.591723270760000197e+00 1.886506756267891216e+00
2.593870474630000089e+00 1.907979680527373878e+00
2.596017248519999931e+00 1.903026928941947249e+00
2.598163592210000150e+00 1.893929344283298732e+00
2.600309505469999838e+00 1.868340121626438810e+00
2.602454988099999866e+00 1.882029774305771674e+00
2.604600039860000216e+00 1.860518366130622159e+00
2.606744660549999981e+00 1.892347399829765964e+00
2.608888849930000031e+00 1.907797580002752458e+00
2.611032607809999906e+00 1.863357452689569982e+00
2.613175933950000029e+00 1.871564159129326166e+00
2.615318828149999941e+00 1.891823171026443706e+00
2.617461290180000066e+00 1.902559238949931286e+00
2.619603319829999943e+00 1.824379051157872356e+00
2.621744916879999998e+00 1.815938316221083371e+00
2.623886081120000213e+00 1.859878106394886377e+00
2.626026812330000126e+00 1.853000584099601333e+00
2.628167110300000164e+00 1.848140915652831451e+00
2.630306974809999865e+00 1.873495458907406208e+00
2.632446405650000099e+00 1.862504645862810060e+00
2.634585402599999959e+00 1.839603028834374987e+00
2.636723965459999874e+00 1.860875831133922409e+00
2.638862093999999825e+00 1.822940119243074975e+00
2.640999788019999794e+00 1.821610173294237800e+00
2.643137047300000209e+00 1.848344906178463587e+00
2.645273871640000163e+00 1.816317683617771461e+00
2.647410260810000082e+00 1.845604994043077651e+00
2.649546214609999950e+00 1.864555797729581244e+00
2.651681732830000193e+00 1.837346516712190958e+00
2.653816815249999905e+00 1.836781383271661072e+00
2.655951461669999958e+00 1.826932596740311165e+00
2.658085671879999889e+00 1.833885529289415173e+00
2.660219445660000126e+00 1.810444234054891188e+00
2.662352782810000207e+00 1.855045957081079777e+00
2.664485683120000115e+00 1.810382512355719786e+00
2.666618146369999831e+00 1.831335398107612589e+00
2.668750172369999785e+00 1.829675704618240806e+00
2.670881760899999957e+00 1.810230476067631100e+00
2.673012911759999888e+00 1.806093443772582630e+00
2.675143624740000003e+00 1.784999935405059412e+00
2.677273899629999843e+00 1.793217915002552676e+00
2.679403736219999832e+00 1.802614067227523709e+00
2.681533134319999956e+00 1.817021000436545020e+00
2.683662093710000196e+00 1.824772099566887462e+00
2.685790614180000091e+00 1.816772920998311225e+00
2.687918695540000069e+00 1.845761133461291559e+00
2.690046337580000113e+00 1.784755408305490842e+00
2.692173540090000206e+00 1.798212485702875174e+00
2.694300302869999886e+00 1.802571692751106180e+00
2.696426625720000025e+00 1.806073617459947434e+00
2.698552508430000163e+00 1.772754315672102843e+00
2.700677950799999838e+00 1.743932357938672295e+00
2.702802952619999921e+00 1.590205534728708292e+00
2.704927513709999953e+00 1.550780312719719944e+00
2.707051633839999916e+00 1.722805223583473655e+00
2.709175312829999793e+00 1.764086924631636411e+00
2.711298550460000012e+00 1.757400770383001465e+00
2.713421346550000113e+00 1.812117258054933844e+00
2.715543700880000078e+00 1.801137856792542236e+00
2.717665613259999891e+00 1.824686056595321126e+00
2.719787083499999980e+00 1.775898498989849639e+00
2.721908111379999884e+00 1.759100310194628536e+00
2.724028696710000030e+00 1.823724052261164852e+00
2.726148839289999959e+00 1.801317298228748864e+00
2.728268538920000097e+00 1.796311469833026253e+00
2.730387795409999985e+00 1.813445251951574022e+00
2.732506608550000049e+00 1.784779855792902215e+00
2.734624978149999830e+00 1.767717002720345043e+00
2.736742904020000200e+00 1.752980866426742557e+00
2.738860385949999809e+00 1.752801598222447632e+00
2.740977423749999975e+00 1.774429019519036199e+00
2.743094017219999792e+00 1.789541583655581469e+00
2.745210166170000132e+00 1.784214811172774029e+00
2.747325870400000092e+00 1.777761250408199878e+00
2.749441129720000099e+00 1.783126714369388521e+00
2.751555943920000136e+00 1.823238969667897891e+00
2.753670312830000189e+00 1.772006098217396186e+00
2.755784236239999796e+00 1.770339791911409444e+00
2.757897713959999830e+00 1.777546255691690114e+00
2.760010745799999832e+00 1.789970354291275045e+00
2.762123331559999784e+00 1.753802455488152612e+00
2.764235471050000115e+00 1.753176536562684795e+00
2.766347164079999921e+00 1.740783895192148822e+00
2.768458410460000074e+00 1.757710790523625111e+00
2.770569210000000115e+00 1.785144101072882350e+00
2.772679562490000027e+00 1.735920293611145082e+00
2.774789467769999796e+00 1.732225263016326400e+00
2.776898925619999847e+00 1.769260697971561269e+00
2.779007935870000168e+00 1.762197212523379797e+00
2.781116498319999852e+00 1.779974991985066257e+00
2.783224612780000218e+00 1.777498225075300198e+00
2.785332279069999917e+00 1.796238320161114066e+00
2.787439496989999821e+00 1.777726175929128738e+00
2.789546266359999915e+00 1.795989629831824752e+00
2.791652586990000184e+00 1.809747716645162541e+00
2.793758458690000168e+00 1.779692884491611116e+00
2.795863881269999851e+00 1.758969688475513715e+00
2.797968854550000106e+00 1.754238893476078864e+00
2.800073378340000030e+00 1.806204196002838769e+00
2.802177452450000050e+00 1.747291984154937472e+00
2.804281076700000153e+00 1.736897738011546011e+00
2.806384250899999877e+00 1.778240987250733873e+00
2.808486974870000097e+00 1.827943541350361523e+00
2.810589248419999908e+00 1.784581212327352562e+00
2.812691071370000184e+00 1.759975992917562237e+00
2.814792443530000021e+00 1.789944477974058534e+00
2.816893364709999847e+00 1.796867256075773689e+00
2.818993834740000093e+00 1.780761983592245246e+00
2.821093853439999855e+00 1.711874855955999086e+00
2.823193420610000004e+00 1.745458477241272677e+00
2.825292536070000082e+00 1.716041717312076331e+00
2.827391199650000075e+00 1.709103951309222547e+00
2.829489411169999968e+00 1.784181955427190047e+00
2.831587170430000189e+00 1.806115741880678804e+00
2.833684477259999834e+00 1.763377971736642236e+00
2.835781331479999778e+00 1.778136627236061473e+00
2.837877732900000005e+00 1.776133598904153565e+00
2.839973681360000057e+00 1.796767078716980048e+00
2.842069176659999918e+00 1.768384249930321728e+00
2.844164218620000018e+00 1.814657064016933719e+00
2.846258807079999897e+00 1.811960549390945419e+00
2.848352941849999986e+00 1.757338802189093885e+00
2.850446622739999825e+00 1.759357013457052421e+00
2.852539849599999844e+00 1.785212089568582350e+00
2.854632622220000027e+00 1.786636934580154712e+00
2.856724940439999916e+00 1.760701616543261183e+00
2.858816804089999941e+00 1.737121153823399711e+00
2.860908212980000087e+00 1.793938884579006299e+00
2.862999166929999895e+00 1.728054809950637649e+00
2.865089665779999795e+00 1.799284525790763922e+00
2.867179709340000215e+00 1.738064811747540128e+00
2.869269297439999811e+00 1.822706540079999771e+00
2.871358429909999899e+00 1.776278931103263625e+00
2.873447106560000019e+00 1.792059275484805259e+00
2.875535327240000161e+00 1.785789657218090021e+00
2.877623091749999862e+00 1.793054416134837625e+00
2.879710399929999998e+00 1.808834643891817473e+00
2.881797251610000110e+00 1.821548062953292524e+00
2.883883646610000184e+00 1.796680625998313907e+00
2.885969584760000206e+00 1.766611851304719982e+00
2.888055065880000161e+00 1.781760530661353537e+00
2.890140089810000035e+00 1.835543848966953773e+00
2.892224656369999813e+00 1.752201336940085064e+00
2.894308765399999928e+00 1.853817338424982308e+00
2.896392416709999917e+00 1.797361525746379973e+00
2.898475610150000215e+00 1.808550524163112794e+00
2.900558345529999915e+00 1.761641661065036057e+00
2.902640622689999894e+00 1.841326222964469794e+00
2.904722441460000137e+00 1.859387774812137240e+00
2.906803801680000188e+00 1.863783388019443876e+00
2.908884703160000029e+00 1.839650986739958638e+00
2.910965145750000094e+00 1.772717059524646199e+00
2.913045129269999922e+00 1.836533005306197230e+00
2.915124653559999945e+00 1.750577381234348806e+00
2.917203718450000149e+00 1.829185493019866104e+00
2.919282323770000076e+00 1.814671066769058871e+00
2.921360469360000156e+00 1.843275221008566112e+00
2.923438155039999931e+00 1.841969398983682504e+00
2.925515380659999831e+00 1.796313316725072884e+00
2.927592146039999843e+00 1.818680584975113756e+00
2.929668451029999954e+00 1.797653256353166196e+00
2.931744295450000148e+00 1.785248443264249918e+00
2.933819679139999970e+00 1.885406640050113491e+00
2.935894601929999848e+00 1.833752241989882181e+00
2.937969063670000214e+00 1.753122922416669782e+00
2.940043064180000165e+00 1.822483306946556025e+00
2.942116603310000134e+00 1.777428200866071117e+00
2.944189680890000105e+00 1.815606764948044960e+00
2.946262296760000066e+00 1.799361974823926014e+00
2.948334450760000003e+00 1.905773361885487516e+00
2.950406142709999902e+00 1.867320176004091392e+00
2.952477372470000194e+00 1.864155389164643850e+00
2.954548139869999979e+00 1.733912954114704918e+00
2.956618444750000130e+00 1.875561574779231355e+00
2.958688286950000190e+00 1.823663334183607265e+00
2.960757666300000146e+00 1.801996619603528860e+00
2.962826582649999985e+00 1.797914501078829996e+00
2.964895035840000137e+00 1.840083054792422734e+00
2.966963025710000146e+00 1.812387959313440211e+00
2.969030552089999997e+00 1.861503826740745993e+00
2.971097614840000123e+00 1.859698216583498542e+00
2.973164213790000066e+00 1.795765604850487751e+00
2.975230348779999812e+00 1.856403261919157499e+00
2.977296019649999792e+00 1.848110615917142541e+00
2.979361226259999995e+00 1.909855224701271004e+00
2.981425968429999962e+00 1.931607143594641585e+00
2.983490246020000125e+00 1.862145706850558691e+00
2.985554058870000027e+00 1.809481938732908635e+00
2.987617406810000098e+00 1.819862104922617352e+00
2.989680289709999883e+00 1.874500308545979932e+00
2.991742707389999811e+00 1.853823691978657040e+00
2.993804659709999871e+00 1.875883615961131623e+00
2.995866146510000050e+00 1.911532182835208982e+00
2.997927167629999889e+00 1.927244131441518959e+00
2.999987722919999822e+00 1.867882307493088367e+00
3.002047812239999836e+00 1.833875782495421047e+00
3.004107435409999916e+00 1.957889322809281296e+00
3.006166592300000051e+00 1.863158734855874910e+00
3.008225282749999785e+00 1.878028322206626077e+00
3.010283506599999992e+00 1.888173131936807581e+00
3.012341263700000216e+00 1.928727734664026583e+00
3.014398553910000000e+00 1.890444620826501554e+00
3.016455377070000221e+00 1.906669787821646311e+00
3.018511733029999977e+00 1.810163927819050222e+00
3.020567621630000144e+00 1.974342028853738773e+00
3.022623042729999820e+00 1.880678562730158765e+00
3.024677996179999884e+00 1.903627556824927680e+00
3.026732481829999877e+00 1.927701549036931139e+00
3.028786499529999787e+00 1.852566172076142603e+00
3.030840049120000046e+00 1.918792882818119772e+00
3.032893130470000198e+00 1.909814301636131084e+00
3.034945743409999785e+00 1.921258682453889755e+00
3.036997887810000130e+00 1.966488434332533730e+00
3.039049563519999886e+00 1.888308128782100859e+00
3.041100770389999930e+00 1.948423969654186294e+00
3.043151508259999805e+00 1.965961277264311136e+00
3.045201776999999943e+00 1.842800988631146053e+00
3.047251576459999889e+00 1.863531318742306375e+00
3.049300906490000074e+00 1.833236007698273662e+00
3.051349766950000042e+00 1.971771722187657394e+00
3.053398157689999781e+00 1.976168102596288723e+00
3.055446078560000167e+00 1.820691846396599978e+00
3.057493529419999856e+00 2.085274584737106363e+00
3.059540510130000168e+00 1.806209634281422449e+00
3.061587020540000204e+00 2.013007134928137543e+00
3.063633060499999949e+00 1.973227591718543561e+00
3.065678629879999839e+00 1.975354456580654894e+00
3.067723728539999861e+00 1.941499042629500016e+00
3.069768356320000002e+00 2.142222120539684749e+00
3.071812513079999807e+00 2.024930556544432214e+00
3.073856198690000152e+00 1.887371466341658754e+00
3.075899413000000138e+00 1.833652802488848543e+00
3.077942155870000196e+00 1.921658177882281437e+00
3.079984427159999871e+00 1.892140371874048821e+00
3.082026226730000040e+00 1.973745295012190315e+00
3.084067554429999802e+00 2.011824083838942734e+00
3.086108410130000035e+00 2.370562373770907172e+00
3.088148793689999838e+00 1.488780000216781252e+00
